1024				//width
1024			 	//height
6						//iteration depth
5						//number of normals to average

0 0 1.5				//initial sphere position
1						//initial sphere radius
0 0 0				//camera position

-1 3 -1				//light position
.2 .2 .2				//light ambient
.6 .6 .6				//light diffuse
1 1 1				//light specular
.2						//shadow factor

1 1 1				//material ambient
0 .8 0				//material diffuse
0 .7 .2				//material specular
255					//material shininess

20					//number of matrices

.333 0 0 .3849
0 .333 0 .3849
0 0 .333 .3849
0 0 0 1

.333 0 0 .3849
0 .333 0 0
0 0 .333 .3849
0 0 0 1

.333 0 0 .3849
0 .333 0 -.3849
0 0 .333 .3849
0 0 0 1

.333 0 0 0
0 .333 0 -.3849
0 0 .333 .3849
0 0 0 1

.333 0 0 -.3849
0 .333 0 -.3849
0 0 .333 .3849
0 0 0 1

.333 0 0 -.3849
0 .333 0 0
0 0 .333 .3849
0 0 0 1

.333 0 0 -.3849
0 .333 0 .3849
0 0 .333 .3849
0 0 0 1

.333 0 0 0
0 .333 0 .3849
0 0 .333 .3849
0 0 0 1

.333 0 0 .3849
0 .333 0 .3849
0 0 .333 0
0 0 0 1

.333 0 0 -.3849
0 .333 0 .3849
0 0 .333 0
0 0 0 1

.333 0 0 -.3849
0 .333 0 -.3849
0 0 .333 0
0 0 0 1

.333 0 0 .3849
0 .333 0 -.3849
0 0 .333 0
0 0 0 1

.333 0 0 .3849
0 .333 0 .3849
0 0 .333 -.3849
0 0 0 1

.333 0 0 .3849
0 .333 0 0
0 0 .333 -.3849
0 0 0 1

.333 0 0 .3849
0 .333 0 -.3849
0 0 .333 -.3849
0 0 0 1

.333 0 0 0
0 .333 0 -.3849
0 0 .333 -.3849
0 0 0 1

.333 0 0 -.3849
0 .333 0 -.3849
0 0 .333 -.3849
0 0 0 1

.333 0 0 -.3849
0 .333 0 0
0 0 .333 -.3849
0 0 0 1

.333 0 0 -.3849
0 .333 0 .3849
0 0 .333 -.3849
0 0 0 1

.333 0 0 0
0 .333 0 .3849
0 0 .333 -.3849
0 0 0 1

